LAPLACEMVI0919
500765713
500792728
500790238
500778797
500706207
500718527
500133656
500760453
500618407
501027788
500112312
500307266
500346613
500346613
500816477
500564391
500505734
500573307
500307266
500795347
500568746
500175757
500146403
500728749
500525763
500359082
500713201
500711766
500713207
500724516
500740483
500761460
500174899
500171709
500160663
500173008
500116516
500114272
500188862
500101097
500106369
500193946
500200641
500125715
500112890
500176638
500205556
500216507
500211217
500199718
500199412
500215792
500228857
500199683
500727275
500755508
500742312
500794728
500709007
500731496
5007936224
5007111619
500730402
5007608196
500779582
500753259
500721103
5007747443
5007015303
5007882439
5007566673
5007652667
5005399662
5005848686
5007981499
5007117142
5007547333
5007487443
5005066384
5007594359
500257473
500281564
500269715
500378328
500228881
500298723
500202420
500255447
500215643
500296363
500213518
500207181
500247315
500255209
500252433
500202960
500397984
500278319
500264809
500355535
500220955
500145276
500271295
500239630
500265667
500279484
500206484
500254819
500118434
500263337
500215092
500245125
501081638
500196982
500554280
500665397
501068277
500199412
500391366
500830359
500879784
500836216
501078538
500185212
500879024
501018041
500180120
500175932
500174007
500152086
500131519
500148792
501094101
501021263
500561585
500168181
500151495
500120823
500150388
500137286
500352878
500108057
500141990
500382466
500249573
500221815
500369677
500310843
500368086
500359200
500296447
500311221
500258866
500310560
500120329
500233134
500587300
500235359
500727656